 day | number_of_assignments | duration 
-----+-----------------------+----------
  34 |                     7 |      330
  43 |                    10 |      615
  25 |                     8 |      370
  32 |                     8 |      375
   8 |                     9 |      570
  12 |                     9 |      390
   1 |                    11 |      590
  10 |                     9 |      465
  26 |                     7 |      390
  42 |                     8 |      330
  11 |                     7 |      390
  18 |                     6 |      375
  16 |                     9 |      570
  39 |                    10 |      380
   3 |                     9 |      425
  47 |                     8 |      380
  13 |                     5 |      315
  49 |                     8 |      330
  22 |                    10 |      555
   9 |                    12 |      545
  24 |                    10 |      450
  14 |                     5 |      315
  45 |                    10 |      430
  46 |                    11 |      400
  27 |                     5 |      315
  48 |                     5 |      315
  17 |                     9 |      435
  28 |                     6 |      375
  36 |                    10 |      570
  15 |                     9 |      660
  38 |                     8 |      455
   4 |                     9 |      380
  30 |                    11 |      630
  50 |                     9 |      585
  33 |                     8 |      365
   6 |                     6 |      315
  40 |                     6 |      380
  19 |                     8 |      410
  29 |                    10 |      545
   2 |                     9 |      585
  21 |                     4 |      315
  51 |                    12 |      570
  23 |                    10 |      555
  41 |                     6 |      305
  31 |                     9 |      480
  35 |                     6 |      320
  20 |                     8 |      335
   5 |                     7 |      405
  44 |                    11 |      560
   7 |                     7 |      330
  37 |                    10 |      605
(51 rows)

